0.005089286299439014
0.0006927372733896067
0.000667446486685159
0.0006360449828207493
0.0005863391012618584
0.00043802078902704776
0.0003735472109318445
0.00035699234124747037
0.0003525875312334392
0.0003456584551063965
0.00033805688685138843
0.0003387855671982314
0.00033666882081888615
0.00032534308255500425
0.00031919457989196026
0.000314580555797355
0.00031544186921174904
0.00031191408644580017
0.0003015777610666451
0.00030218674603799757
0.0002925008102985365
0.00028559401045120985
0.00028364720305294863
0.00028451136968214995
0.00027486741892062127
0.0002706744182692741
0.00026930362868629994
0.0002674594614031126
0.00025950766903406477
0.00025201085835370966
0.0002477729922247818
0.00024139742449083963
0.00023665733642701524
0.0002341733916961987
0.00022694059293176645
0.0002144888215428052
0.00020728699211239082
0.00020444652088502023
0.00020018272734887433
0.00019756770385096647
0.00019116387146433616
0.0001872622456825671
0.00018468164998921565
0.00018231634047489415
0.00018131036979736695
0.00017798171247704886
0.0001760991353616451
0.0001750582639942877
0.00017407260420441162
0.00017293189084739425
